Airport 18.579546376032056 73.90897044170211 Cantt 18.607615207948363 73.87509718082079 7 15
Cantt 18.607615207948363 73.87509718082079 Airport 18.579546376032056 73.90897044170211 7 16
Airport 18.579546376032056 73.90897044170211 Viman 18.568076645336316 73.91446040863951 1 7
Airport 18.579546376032056 73.90897044170211 Tingre 18.57981898374221 73.89361742385663 2 5
Airport 18.579546376032056 73.90897044170211 Kalyani 18.548594638816727 73.900945495149 3 10
Viman 18.568076645336316 73.91446040863951 Airport 18.579546376032056 73.90897044170211 1 7
Viman 18.568076645336316 73.91446040863951 Ngr_Rd 18.561364209225808 73.91904959903704 1 5
Viman 18.568076645336316 73.91446040863951 Kalyani 18.548594638816727 73.900945495149 2 8
Viman 18.568076645336316 73.91446040863951 Wagholi 18.580932160865213 73.97825196263894 8 12
Viman 18.568076645336316 73.91446040863951 Tingre 18.57981898374221 73.89361742385663 2 8
Tingre 18.57981898374221 73.89361742385663 Viman 18.568076645336316 73.91446040863951 3 8
Tingre 18.57981898374221 73.89361742385663 Airport 18.579546376032056 73.90897044170211 2 5
Tingre 18.57981898374221 73.89361742385663 Vishrant 18.57266155214792 73.87818230176929 2 4
Kalyani 18.548594638816727 73.900945495149 Airport 18.579546376032056 73.90897044170211 3 9
Kalyani 18.548594638816727 73.900945495149 Yerwada 18.553124345342724 73.87979532961857 1 8
Kalyani 18.548594638816727 73.900945495149 Bund 18.541167439689396 73.88330523014633 5 10
Kalyani 18.548594638816727 73.900945495149 KP 18.539269767939956 73.90015157715484 3 5
Kalyani 18.548594638816727 73.900945495149 Wdsheri 18.551428424728424 73.92092943207318 1 7
Kalyani 18.548594638816727 73.900945495149 Ngr_Rd 18.561364209225808 73.91904959903704 1 9
Kalyani 18.548594638816727 73.900945495149 Viman 18.568076645336316 73.91446040863951 2 7
Yerwada 18.553124345342724 73.87979532961857 Kalyani 18.548594638816727 73.900945495149 1 7
Yerwada 18.553124345342724 73.87979532961857 Vishrant 18.57266155214792 73.87818230176929 2 6
Yerwada 18.553124345342724 73.87979532961857 Sangam 18.54157535049062 73.87156385823936 2 7
Vishrant 18.57266155214792 73.87818230176929 Tingre 18.57981898374221 73.89361742385663 2 4
Vishrant 18.57266155214792 73.87818230176929 Yerwada 18.553124345342724 73.87979532961857 2 5
Vishrant 18.57266155214792 73.87818230176929 Sangam 18.54157535049062 73.87156385823936 2 11
Ngr_Rd 18.561364209225808 73.91904959903704 Kalyani 18.548594638816727 73.900945495149 1 10
Ngr_Rd 18.561364209225808 73.91904959903704 Wdsheri 18.551428424728424 73.92092943207318 1 5
Ngr_Rd 18.561364209225808 73.91904959903704 Kharadi 18.551172179287303 73.95052178785656 1 4
Ngr_Rd 18.561364209225808 73.91904959903704 Wagholi 18.580932160865213 73.97825196263894 6 7
Ngr_Rd 18.561364209225808 73.91904959903704 Viman 18.568076645336316 73.91446040863951 1 8
Wagholi 18.580932160865213 73.97825196263894 Viman 18.568076645336316 73.91446040863951 8 17
Wagholi 18.580932160865213 73.97825196263894 Ngr_Rd 18.561364209225808 73.91904959903704 6 11
Wagholi 18.580932160865213 73.97825196263894 Kharadi 18.551172179287303 73.95052178785656 2 10
Kharadi 18.551172179287303 73.95052178785656 Wagholi 18.580932160865213 73.97825196263894 2 8
Kharadi 18.551172179287303 73.95052178785656 Mundhwa 18.535304975229703 73.9119750001266 3 6
Kharadi 18.551172179287303 73.95052178785656 Wdsheri 18.551428424728424 73.92092943207318 1 9
Kharadi 18.551172179287303 73.95052178785656 Ngr_Rd 18.561364209225808 73.91904959903704 1 5
Wdsheri 18.551428424728424 73.92092943207318 Kalyani 18.548594638816727 73.900945495149 1 8
Wdsheri 18.551428424728424 73.92092943207318 Ngr_Rd 18.561364209225808 73.91904959903704 1 3
Wdsheri 18.551428424728424 73.92092943207318 Mundhwa 18.535304975229703 73.9119750001266 2 8
Wdsheri 18.551428424728424 73.92092943207318 Kharadi 18.551172179287303 73.95052178785656 1 10
Mundhwa 18.535304975229703 73.9119750001266 Kharadi 18.551172179287303 73.95052178785656 3 6
Mundhwa 18.535304975229703 73.9119750001266 Wdsheri 18.551428424728424 73.92092943207318 2 9
Mundhwa 18.535304975229703 73.9119750001266 Magar 18.51527568645783 73.92624600878483 3 6
Mundhwa 18.535304975229703 73.9119750001266 KP 18.539269767939956 73.90015157715484 1 11
Magar 18.51527568645783 73.92624600878483 Mundhwa 18.535304975229703 73.9119750001266 3 5
Magar 18.51527568645783 73.92624600878483 KP 18.539269767939956 73.90015157715484 3 11
KP 18.539269767939956 73.90015157715484 Kalyani 18.548594638816727 73.900945495149 3 5
KP 18.539269767939956 73.90015157715484 Mundhwa 18.535304975229703 73.9119750001266 1 11
KP 18.539269767939956 73.90015157715484 Magar 18.51527568645783 73.92624600878483 3 12
KP 18.539269767939956 73.90015157715484 Camp 18.512443839266727 73.88564872687863 3 10
Camp 18.512443839266727 73.88564872687863 Undri 18.45360686973688 73.91500132384422 6 18
Camp 18.512443839266727 73.88564872687863 Kondhwa 18.469401474558204 73.88856108179029 4 14
Camp 18.512443839266727 73.88564872687863 KP 18.539269767939956 73.90015157715484 3 10
Camp 18.512443839266727 73.88564872687863 Bund 18.541167439689396 73.88330523014633 2 9
Camp 18.512443839266727 73.88564872687863 Railway 18.521895955611235 73.86572214355101 6 6
Kondhwa 18.469401474558204 73.88856108179029 Camp 18.512443839266727 73.88564872687863 4 12
Kondhwa 18.469401474558204 73.88856108179029 Undri 18.45360686973688 73.91500132384422 2 9
Undri 18.45360686973688 73.91500132384422 Camp 18.512443839266727 73.88564872687863 6 19
Undri 18.45360686973688 73.91500132384422 Kondhwa 18.469401474558204 73.88856108179029 2 10
Railway 18.521895955611235 73.86572214355101 Camp 18.512443839266727 73.88564872687863 3 7
Railway 18.521895955611235 73.86572214355101 Bund 18.541167439689396 73.88330523014633 2 8
Railway 18.521895955611235 73.86572214355101 Deccan 18.515768335902223 73.84194812400145 3 10
Bund 18.541167439689396 73.88330523014633 Kalyani 18.548594638816727 73.900945495149 5 9
Bund 18.541167439689396 73.88330523014633 Railway 18.521895955611235 73.86572214355101 2 8
Bund 18.541167439689396 73.88330523014633 Camp 18.512443839266727 73.88564872687863 2 8
Sangam 18.54157535049062 73.87156385823936 Vishrant 18.57266155214792 73.87818230176929 5 10
Sangam 18.54157535049062 73.87156385823936 Yerwada 18.548594638816727 73.900945495149 2 6
Sangam 18.54157535049062 73.87156385823936 Deccan 18.515768335902223 73.84194812400145 5 12
Sangam 18.54157535049062 73.87156385823936 Old_Pune 18.555269571683418 73.82168154529413 5 19
Old_Pune 18.555269571683418 73.82168154529413 Sangam 18.54157535049062 73.87156385823936 5 16
Old_Pune 18.555269571683418 73.82168154529413 Deccan 18.515768335902223 73.84194812400145 3 15
Deccan 18.515768335902223 73.84194812400145 Old_Pune 18.555269571683418 73.82168154529413 3 13
Deccan 18.515768335902223 73.84194812400145 Sangam 18.54157535049062 73.87156385823936 5 12
Deccan 18.515768335902223 73.84194812400145 Railway 18.521895955611235 73.86572214355101 3 10
Deccan 18.515768335902223 73.84194812400145 Kothrud 18.507706686984907 73.80732021277596 4 8
Kothrud 18.507706686984907 73.80732021277596 Deccan 18.515768335902223 73.84194812400145 4 8